output: width=100 height=100 spp=50 depth=25
camera: from=-3.500,2.000,-3.500 to=0.000,0.000,0.000
materials:
    dielectric: albedo=0.712,0.831,0.833 ir=1.426
    metal: albedo=0.354,0.988,0.076 fuzz=0.153
    lambertian=0.606,0.865,0.999
    lambertian=0.456,0.451,0.530
    lambertian=0.319,0.448,0.410
    lambertian=0.801,0.575,0.048
    lambertian=0.092,0.351,0.697
    lambertian=0.920,0.343,0.643
    lambertian=0.124,0.849,0.062
    lambertian=0.173,0.609,0.556
    metal: albedo=0.616,0.632,0.311 fuzz=0.531
    metal: albedo=0.159,0.328,0.684 fuzz=0.536
    metal: albedo=0.273,0.300,0.330 fuzz=0.184
    lambertian=0.594,0.185,0.974
    lambertian=0.961,0.737,0.534
    lambertian=0.577,0.809,0.450
    lambertian=0.598,0.339,0.940
    lambertian=0.039,0.791,0.042
    lambertian=0.380,0.339,0.013
    lambertian=0.383,0.390,0.675
    dielectric: albedo=0.753,0.547,0.616 ir=1.137
    metal: albedo=0.279,0.310,0.094 fuzz=0.043
    lambertian=0.822,0.063,0.412
    dielectric: albedo=0.004,0.751,0.585 ir=1.369
    lambertian=0.237,0.117,0.591
    lambertian=0.241,0.371,0.795
    lambertian=0.534,0.809,0.818
    metal: albedo=0.789,0.138,0.599 fuzz=0.173
    lambertian=0.976,0.521,0.277
    dielectric: albedo=0.488,0.899,0.115 ir=1.224
    dielectric: albedo=0.008,0.815,0.516 ir=1.475
    lambertian=0.072,0.466,0.532
    lambertian=0.658,0.571,0.754
    lambertian=0.652,0.458,0.350
    metal: albedo=0.671,0.544,0.132 fuzz=0.429
    lambertian=0.613,0.242,0.721
    light=1.000,1.000,1.000
    lambertian=0.400,0.400,0.400
objects:
    triangle: -2.500,0.199,-2.214 -2.169,0.199,-2.786 -2.831,0.199,-2.786 material=0
    triangle: -2.500,0.860,-2.500 -2.831,0.199,-2.786 -2.169,0.199,-2.786 material=0
    triangle: -2.500,0.860,-2.500 -2.169,0.199,-2.786 -2.500,0.199,-2.214 material=0
    triangle: -2.500,0.860,-2.500 -2.500,0.199,-2.214 -2.831,0.199,-2.786 material=0
    triangle: -1.500,0.132,-2.324 -1.296,0.132,-2.676 -1.704,0.132,-2.676 material=1
    triangle: -1.500,0.539,-2.500 -1.704,0.132,-2.676 -1.296,0.132,-2.676 material=1
    triangle: -1.500,0.539,-2.500 -1.296,0.132,-2.676 -1.500,0.132,-2.324 material=1
    triangle: -1.500,0.539,-2.500 -1.500,0.132,-2.324 -1.704,0.132,-2.676 material=1
    triangle: -0.500,0.278,-2.399 -0.384,0.278,-2.601 -0.616,0.278,-2.601 material=2
    triangle: -0.500,0.511,-2.500 -0.616,0.278,-2.601 -0.384,0.278,-2.601 material=2
    triangle: -0.500,0.511,-2.500 -0.384,0.278,-2.601 -0.500,0.278,-2.399 material=2
    triangle: -0.500,0.511,-2.500 -0.500,0.278,-2.399 -0.616,0.278,-2.601 material=2
    triangle: 0.500,0.121,-2.268 0.768,0.121,-2.732 0.232,0.121,-2.732 material=3
    triangle: 0.500,0.658,-2.500 0.232,0.121,-2.732 0.768,0.121,-2.732 material=3
    triangle: 0.500,0.658,-2.500 0.768,0.121,-2.732 0.500,0.121,-2.268 material=3
    triangle: 0.500,0.658,-2.500 0.500,0.121,-2.268 0.232,0.121,-2.732 material=3
    triangle: 1.500,0.287,-2.213 1.832,0.287,-2.787 1.168,0.287,-2.787 material=4
    triangle: 1.500,0.950,-2.500 1.168,0.287,-2.787 1.832,0.287,-2.787 material=4
    triangle: 1.500,0.950,-2.500 1.832,0.287,-2.787 1.500,0.287,-2.213 material=4
    triangle: 1.500,0.950,-2.500 1.500,0.287,-2.213 1.168,0.287,-2.787 material=4
    triangle: 2.500,0.221,-2.281 2.753,0.221,-2.719 2.247,0.221,-2.719 material=5
    triangle: 2.500,0.726,-2.500 2.247,0.221,-2.719 2.753,0.221,-2.719 material=5
    triangle: 2.500,0.726,-2.500 2.753,0.221,-2.719 2.500,0.221,-2.281 material=5
    triangle: 2.500,0.726,-2.500 2.500,0.221,-2.281 2.247,0.221,-2.719 material=5
    triangle: -2.500,0.204,-1.305 -2.275,0.204,-1.695 -2.725,0.204,-1.695 material=6
    triangle: -2.500,0.655,-1.500 -2.725,0.204,-1.695 -2.275,0.204,-1.695 material=6
    triangle: -2.500,0.655,-1.500 -2.275,0.204,-1.695 -2.500,0.204,-1.305 material=6
    triangle: -2.500,0.655,-1.500 -2.500,0.204,-1.305 -2.725,0.204,-1.695 material=6
    triangle: -1.500,0.201,-1.241 -1.201,0.201,-1.759 -1.799,0.201,-1.759 material=7
    triangle: -1.500,0.799,-1.500 -1.799,0.201,-1.759 -1.201,0.201,-1.759 material=7
    triangle: -1.500,0.799,-1.500 -1.201,0.201,-1.759 -1.500,0.201,-1.241 material=7
    triangle: -1.500,0.799,-1.500 -1.500,0.201,-1.241 -1.799,0.201,-1.759 material=7
    triangle: -0.500,0.030,-1.428 -0.417,0.030,-1.572 -0.583,0.030,-1.572 material=8
    triangle: -0.500,0.196,-1.500 -0.583,0.030,-1.572 -0.417,0.030,-1.572 material=8
    triangle: -0.500,0.196,-1.500 -0.417,0.030,-1.572 -0.500,0.030,-1.428 material=8
    triangle: -0.500,0.196,-1.500 -0.500,0.030,-1.428 -0.583,0.030,-1.572 material=8
    triangle: 0.500,0.299,-1.436 0.574,0.299,-1.564 0.426,0.299,-1.564 material=9
    triangle: 0.500,0.446,-1.500 0.426,0.299,-1.564 0.574,0.299,-1.564 material=9
    triangle: 0.500,0.446,-1.500 0.574,0.299,-1.564 0.500,0.299,-1.436 material=9
    triangle: 0.500,0.446,-1.500 0.500,0.299,-1.436 0.426,0.299,-1.564 material=9
    triangle: 1.500,0.065,-1.253 1.785,0.065,-1.747 1.215,0.065,-1.747 material=10
    triangle: 1.500,0.634,-1.500 1.215,0.065,-1.747 1.785,0.065,-1.747 material=10
    triangle: 1.500,0.634,-1.500 1.785,0.065,-1.747 1.500,0.065,-1.253 material=10
    triangle: 1.500,0.634,-1.500 1.500,0.065,-1.253 1.215,0.065,-1.747 material=10
    triangle: 2.500,0.202,-1.287 2.746,0.202,-1.713 2.254,0.202,-1.713 material=11
    triangle: 2.500,0.694,-1.500 2.254,0.202,-1.713 2.746,0.202,-1.713 material=11
    triangle: 2.500,0.694,-1.500 2.746,0.202,-1.713 2.500,0.202,-1.287 material=11
    triangle: 2.500,0.694,-1.500 2.500,0.202,-1.287 2.254,0.202,-1.713 material=11
    triangle: -2.500,0.025,-0.278 -2.243,0.025,-0.722 -2.757,0.025,-0.722 material=12
    triangle: -2.500,0.538,-0.500 -2.757,0.025,-0.722 -2.243,0.025,-0.722 material=12
    triangle: -2.500,0.538,-0.500 -2.243,0.025,-0.722 -2.500,0.025,-0.278 material=12
    triangle: -2.500,0.538,-0.500 -2.500,0.025,-0.278 -2.757,0.025,-0.722 material=12
    triangle: -1.500,0.155,-0.398 -1.382,0.155,-0.602 -1.618,0.155,-0.602 material=13
    triangle: -1.500,0.390,-0.500 -1.618,0.155,-0.602 -1.382,0.155,-0.602 material=13
    triangle: -1.500,0.390,-0.500 -1.382,0.155,-0.602 -1.500,0.155,-0.398 material=13
    triangle: -1.500,0.390,-0.500 -1.500,0.155,-0.398 -1.618,0.155,-0.602 material=13
    triangle: -0.500,0.044,-0.456 -0.449,0.044,-0.544 -0.551,0.044,-0.544 material=14
    triangle: -0.500,0.145,-0.500 -0.551,0.044,-0.544 -0.449,0.044,-0.544 material=14
    triangle: -0.500,0.145,-0.500 -0.449,0.044,-0.544 -0.500,0.044,-0.456 material=14
    triangle: -0.500,0.145,-0.500 -0.500,0.044,-0.456 -0.551,0.044,-0.544 material=14
    triangle: 0.500,0.165,-0.283 0.751,0.165,-0.717 0.249,0.165,-0.717 material=15
    triangle: 0.500,0.666,-0.500 0.249,0.165,-0.717 0.751,0.165,-0.717 material=15
    triangle: 0.500,0.666,-0.500 0.751,0.165,-0.717 0.500,0.165,-0.283 material=15
    triangle: 0.500,0.666,-0.500 0.500,0.165,-0.283 0.249,0.165,-0.717 material=15
    triangle: 1.500,0.112,-0.442 1.567,0.112,-0.558 1.433,0.112,-0.558 material=16
    triangle: 1.500,0.245,-0.500 1.433,0.112,-0.558 1.567,0.112,-0.558 material=16
    triangle: 1.500,0.245,-0.500 1.567,0.112,-0.558 1.500,0.112,-0.442 material=16
    triangle: 1.500,0.245,-0.500 1.500,0.112,-0.442 1.433,0.112,-0.558 material=16
    triangle: 2.500,0.085,-0.216 2.828,0.085,-0.784 2.172,0.085,-0.784 material=17
    triangle: 2.500,0.742,-0.500 2.172,0.085,-0.784 2.828,0.085,-0.784 material=17
    triangle: 2.500,0.742,-0.500 2.828,0.085,-0.784 2.500,0.085,-0.216 material=17
    triangle: 2.500,0.742,-0.500 2.500,0.085,-0.216 2.172,0.085,-0.784 material=17
    triangle: -2.500,0.097,0.648 -2.329,0.097,0.352 -2.671,0.097,0.352 material=18
    triangle: -2.500,0.439,0.500 -2.671,0.097,0.352 -2.329,0.097,0.352 material=18
    triangle: -2.500,0.439,0.500 -2.329,0.097,0.352 -2.500,0.097,0.648 material=18
    triangle: -2.500,0.439,0.500 -2.500,0.097,0.648 -2.671,0.097,0.352 material=18
    triangle: -1.500,0.233,0.599 -1.386,0.233,0.401 -1.614,0.233,0.401 material=19
    triangle: -1.500,0.462,0.500 -1.614,0.233,0.401 -1.386,0.233,0.401 material=19
    triangle: -1.500,0.462,0.500 -1.386,0.233,0.401 -1.500,0.233,0.599 material=19
    triangle: -1.500,0.462,0.500 -1.500,0.233,0.599 -1.614,0.233,0.401 material=19
    triangle: -0.500,0.125,0.766 -0.192,0.125,0.234 -0.808,0.125,0.234 material=20
    triangle: -0.500,0.741,0.500 -0.808,0.125,0.234 -0.192,0.125,0.234 material=20
    triangle: -0.500,0.741,0.500 -0.192,0.125,0.234 -0.500,0.125,0.766 material=20
    triangle: -0.500,0.741,0.500 -0.500,0.125,0.766 -0.808,0.125,0.234 material=20
    triangle: 0.500,0.185,0.772 0.814,0.185,0.228 0.186,0.185,0.228 material=21
    triangle: 0.500,0.814,0.500 0.186,0.185,0.228 0.814,0.185,0.228 material=21
    triangle: 0.500,0.814,0.500 0.814,0.185,0.228 0.500,0.185,0.772 material=21
    triangle: 0.500,0.814,0.500 0.500,0.185,0.772 0.186,0.185,0.228 material=21
    triangle: 1.500,0.097,0.701 1.732,0.097,0.299 1.268,0.097,0.299 material=22
    triangle: 1.500,0.561,0.500 1.268,0.097,0.299 1.732,0.097,0.299 material=22
    triangle: 1.500,0.561,0.500 1.732,0.097,0.299 1.500,0.097,0.701 material=22
    triangle: 1.500,0.561,0.500 1.500,0.097,0.701 1.268,0.097,0.299 material=22
    triangle: 2.500,0.286,0.769 2.810,0.286,0.231 2.190,0.286,0.231 material=23
    triangle: 2.500,0.907,0.500 2.190,0.286,0.231 2.810,0.286,0.231 material=23
    triangle: 2.500,0.907,0.500 2.810,0.286,0.231 2.500,0.286,0.769 material=23
    triangle: 2.500,0.907,0.500 2.500,0.286,0.769 2.190,0.286,0.231 material=23
    triangle: -2.500,0.129,1.584 -2.403,0.129,1.416 -2.597,0.129,1.416 material=24
    triangle: -2.500,0.323,1.500 -2.597,0.129,1.416 -2.403,0.129,1.416 material=24
    triangle: -2.500,0.323,1.500 -2.403,0.129,1.416 -2.500,0.129,1.584 material=24
    triangle: -2.500,0.323,1.500 -2.500,0.129,1.584 -2.597,0.129,1.416 material=24
    triangle: -1.500,0.047,1.738 -1.225,0.047,1.262 -1.775,0.047,1.262 material=25
    triangle: -1.500,0.598,1.500 -1.775,0.047,1.262 -1.225,0.047,1.262 material=25
    triangle: -1.500,0.598,1.500 -1.225,0.047,1.262 -1.500,0.047,1.738 material=25
    triangle: -1.500,0.598,1.500 -1.500,0.047,1.738 -1.775,0.047,1.262 material=25
    triangle: -0.500,0.093,1.752 -0.209,0.093,1.248 -0.791,0.093,1.248 material=26
    triangle: -0.500,0.675,1.500 -0.791,0.093,1.248 -0.209,0.093,1.248 material=26
    triangle: -0.500,0.675,1.500 -0.209,0.093,1.248 -0.500,0.093,1.752 material=26
    triangle: -0.500,0.675,1.500 -0.500,0.093,1.752 -0.791,0.093,1.248 material=26
    triangle: 0.500,0.285,1.736 0.773,0.285,1.264 0.227,0.285,1.264 material=27
    triangle: 0.500,0.831,1.500 0.227,0.285,1.264 0.773,0.285,1.264 material=27
    triangle: 0.500,0.831,1.500 0.773,0.285,1.264 0.500,0.285,1.736 material=27
    triangle: 0.500,0.831,1.500 0.500,0.285,1.736 0.227,0.285,1.264 material=27
    triangle: 1.500,0.060,1.616 1.633,0.060,1.384 1.367,0.060,1.384 material=28
    triangle: 1.500,0.327,1.500 1.367,0.060,1.384 1.633,0.060,1.384 material=28
    triangle: 1.500,0.327,1.500 1.633,0.060,1.384 1.500,0.060,1.616 material=28
    triangle: 1.500,0.327,1.500 1.500,0.060,1.616 1.367,0.060,1.384 material=28
    triangle: 2.500,0.217,1.723 2.757,0.217,1.277 2.243,0.217,1.277 material=29
    triangle: 2.500,0.731,1.500 2.243,0.217,1.277 2.757,0.217,1.277 material=29
    triangle: 2.500,0.731,1.500 2.757,0.217,1.277 2.500,0.217,1.723 material=29
    triangle: 2.500,0.731,1.500 2.500,0.217,1.723 2.243,0.217,1.277 material=29
    triangle: -2.500,0.181,2.721 -2.245,0.181,2.279 -2.755,0.181,2.279 material=30
    triangle: -2.500,0.691,2.500 -2.755,0.181,2.279 -2.245,0.181,2.279 material=30
    triangle: -2.500,0.691,2.500 -2.245,0.181,2.279 -2.500,0.181,2.721 material=30
    triangle: -2.500,0.691,2.500 -2.500,0.181,2.721 -2.755,0.181,2.279 material=30
    triangle: -1.500,0.271,2.607 -1.376,0.271,2.393 -1.624,0.271,2.393 material=31
    triangle: -1.500,0.519,2.500 -1.624,0.271,2.393 -1.376,0.271,2.393 material=31
    triangle: -1.500,0.519,2.500 -1.376,0.271,2.393 -1.500,0.271,2.607 material=31
    triangle: -1.500,0.519,2.500 -1.500,0.271,2.607 -1.624,0.271,2.393 material=31
    triangle: -0.500,0.024,2.692 -0.279,0.024,2.308 -0.721,0.024,2.308 material=32
    triangle: -0.500,0.466,2.500 -0.721,0.024,2.308 -0.279,0.024,2.308 material=32
    triangle: -0.500,0.466,2.500 -0.279,0.024,2.308 -0.500,0.024,2.692 material=32
    triangle: -0.500,0.466,2.500 -0.500,0.024,2.692 -0.721,0.024,2.308 material=32
    triangle: 0.500,0.138,2.556 0.565,0.138,2.444 0.435,0.138,2.444 material=33
    triangle: 0.500,0.268,2.500 0.435,0.138,2.444 0.565,0.138,2.444 material=33
    triangle: 0.500,0.268,2.500 0.565,0.138,2.444 0.500,0.138,2.556 material=33
    triangle: 0.500,0.268,2.500 0.500,0.138,2.556 0.435,0.138,2.444 material=33
    triangle: 1.500,0.123,2.703 1.734,0.123,2.297 1.266,0.123,2.297 material=34
    triangle: 1.500,0.591,2.500 1.266,0.123,2.297 1.734,0.123,2.297 material=34
    triangle: 1.500,0.591,2.500 1.734,0.123,2.297 1.500,0.123,2.703 material=34
    triangle: 1.500,0.591,2.500 1.500,0.123,2.703 1.266,0.123,2.297 material=34
    triangle: 2.500,0.275,2.728 2.763,0.275,2.272 2.237,0.275,2.272 material=35
    triangle: 2.500,0.801,2.500 2.237,0.275,2.272 2.763,0.275,2.272 material=35
    triangle: 2.500,0.801,2.500 2.763,0.275,2.272 2.500,0.275,2.728 material=35
    triangle: 2.500,0.801,2.500 2.500,0.275,2.728 2.237,0.275,2.272 material=35
    plane: origin=0.000,4.000,0.000 normal=0.000,-1.000,0.000 material=36
    plane: material=37
