output: width=100 height=100 spp=50 depth=25
camera: from=-4.000,2.000,-4.000 to=0.000,0.000,0.000
materials:
    metal: albedo=0.972,0.075,0.629 fuzz=0.055
    lambertian=0.047,0.057,0.974
    dielectric: albedo=0.448,0.506,0.773 ir=1.058
    dielectric: albedo=0.662,0.609,0.355 ir=1.044
    metal: albedo=0.955,0.783,0.960 fuzz=0.224
    lambertian=0.141,0.701,0.446
    metal: albedo=0.536,0.495,0.679 fuzz=0.013
    dielectric: albedo=0.976,0.623,0.971 ir=1.111
    lambertian=0.833,0.921,0.121
    dielectric: albedo=0.717,0.099,0.871 ir=1.319
    metal: albedo=0.323,0.795,0.656 fuzz=0.964
    metal: albedo=0.356,0.600,0.136 fuzz=0.369
    lambertian=0.691,0.855,0.267
    lambertian=0.811,0.257,0.720
    lambertian=0.345,0.201,0.890
    metal: albedo=0.168,0.482,0.015 fuzz=0.427
    lambertian=0.705,0.961,0.310
    lambertian=0.631,0.104,0.774
    dielectric: albedo=0.509,0.879,0.841 ir=1.298
    lambertian=0.355,0.943,0.699
    dielectric: albedo=0.080,0.298,0.433 ir=1.363
    lambertian=0.797,0.986,0.244
    lambertian=0.263,0.855,0.695
    lambertian=0.364,0.357,0.354
    lambertian=0.861,0.564,0.469
    dielectric: albedo=0.033,0.963,0.046 ir=1.010
    lambertian=0.681,0.753,0.706
    lambertian=0.136,0.176,0.797
    lambertian=0.944,0.365,0.609
    lambertian=0.241,0.264,0.975
    dielectric: albedo=0.852,0.198,0.804 ir=1.286
    lambertian=0.476,0.031,0.869
    dielectric: albedo=0.377,0.922,0.254 ir=1.206
    lambertian=0.605,0.381,0.232
    lambertian=0.233,0.932,0.486
    metal: albedo=0.803,0.157,0.175 fuzz=0.381
    metal: albedo=0.942,0.966,0.551 fuzz=0.414
    lambertian=0.142,0.935,0.548
    lambertian=0.421,0.907,0.675
    lambertian=0.099,0.439,0.972
    dielectric: albedo=0.210,0.136,0.423 ir=1.460
    lambertian=0.063,0.100,0.155
    lambertian=0.977,0.581,0.622
    metal: albedo=0.621,0.111,0.992 fuzz=0.764
    lambertian=0.827,0.958,0.306
    metal: albedo=0.020,0.083,0.111 fuzz=0.432
    lambertian=0.089,0.742,0.095
    metal: albedo=0.983,0.344,0.678 fuzz=0.440
    lambertian=0.218,0.936,0.089
    light=1.000,1.000,1.000
    lambertian=0.400,0.400,0.400
objects:
    triangle: -3.000,0.248,-2.936 -2.926,0.248,-3.064 -3.074,0.248,-3.064 material=0
    triangle: -3.000,0.396,-3.000 -3.074,0.248,-3.064 -2.926,0.248,-3.064 material=0
    triangle: -3.000,0.396,-3.000 -2.926,0.248,-3.064 -3.000,0.248,-2.936 material=0
    triangle: -3.000,0.396,-3.000 -3.000,0.248,-2.936 -3.074,0.248,-3.064 material=0
    triangle: -2.000,0.228,-2.799 -1.768,0.228,-3.201 -2.232,0.228,-3.201 material=1
    triangle: -2.000,0.691,-3.000 -2.232,0.228,-3.201 -1.768,0.228,-3.201 material=1
    triangle: -2.000,0.691,-3.000 -1.768,0.228,-3.201 -2.000,0.228,-2.799 material=1
    triangle: -2.000,0.691,-3.000 -2.000,0.228,-2.799 -2.232,0.228,-3.201 material=1
    triangle: -1.000,0.122,-2.794 -0.762,0.122,-3.206 -1.238,0.122,-3.206 material=2
    triangle: -1.000,0.598,-3.000 -1.238,0.122,-3.206 -0.762,0.122,-3.206 material=2
    triangle: -1.000,0.598,-3.000 -0.762,0.122,-3.206 -1.000,0.122,-2.794 material=2
    triangle: -1.000,0.598,-3.000 -1.000,0.122,-2.794 -1.238,0.122,-3.206 material=2
    triangle: 0.000,0.074,-2.877 0.142,0.074,-3.123 -0.142,0.074,-3.123 material=3
    triangle: 0.000,0.358,-3.000 -0.142,0.074,-3.123 0.142,0.074,-3.123 material=3
    triangle: 0.000,0.358,-3.000 0.142,0.074,-3.123 0.000,0.074,-2.877 material=3
    triangle: 0.000,0.358,-3.000 0.000,0.074,-2.877 -0.142,0.074,-3.123 material=3
    triangle: 1.000,0.147,-2.918 1.094,0.147,-3.082 0.906,0.147,-3.082 material=4
    triangle: 1.000,0.335,-3.000 0.906,0.147,-3.082 1.094,0.147,-3.082 material=4
    triangle: 1.000,0.335,-3.000 1.094,0.147,-3.082 1.000,0.147,-2.918 material=4
    triangle: 1.000,0.335,-3.000 1.000,0.147,-2.918 0.906,0.147,-3.082 material=4
    triangle: 2.000,0.054,-2.771 2.265,0.054,-3.229 1.735,0.054,-3.229 material=5
    triangle: 2.000,0.584,-3.000 1.735,0.054,-3.229 2.265,0.054,-3.229 material=5
    triangle: 2.000,0.584,-3.000 2.265,0.054,-3.229 2.000,0.054,-2.771 material=5
    triangle: 2.000,0.584,-3.000 2.000,0.054,-2.771 1.735,0.054,-3.229 material=5
    triangle: 3.000,0.131,-2.767 3.269,0.131,-3.233 2.731,0.131,-3.233 material=6
    triangle: 3.000,0.669,-3.000 2.731,0.131,-3.233 3.269,0.131,-3.233 material=6
    triangle: 3.000,0.669,-3.000 3.269,0.131,-3.233 3.000,0.131,-2.767 material=6
    triangle: 3.000,0.669,-3.000 3.000,0.131,-2.767 2.731,0.131,-3.233 material=6
    triangle: -3.000,0.162,-1.703 -2.657,0.162,-2.297 -3.343,0.162,-2.297 material=7
    triangle: -3.000,0.848,-2.000 -3.343,0.162,-2.297 -2.657,0.162,-2.297 material=7
    triangle: -3.000,0.848,-2.000 -2.657,0.162,-2.297 -3.000,0.162,-1.703 material=7
    triangle: -3.000,0.848,-2.000 -3.000,0.162,-1.703 -3.343,0.162,-2.297 material=7
    triangle: -2.000,0.291,-1.811 -1.782,0.291,-2.189 -2.218,0.291,-2.189 material=8
    triangle: -2.000,0.727,-2.000 -2.218,0.291,-2.189 -1.782,0.291,-2.189 material=8
    triangle: -2.000,0.727,-2.000 -1.782,0.291,-2.189 -2.000,0.291,-1.811 material=8
    triangle: -2.000,0.727,-2.000 -2.000,0.291,-1.811 -2.218,0.291,-2.189 material=8
    triangle: -1.000,0.187,-1.830 -0.804,0.187,-2.170 -1.196,0.187,-2.170 material=9
    triangle: -1.000,0.578,-2.000 -1.196,0.187,-2.170 -0.804,0.187,-2.170 material=9
    triangle: -1.000,0.578,-2.000 -0.804,0.187,-2.170 -1.000,0.187,-1.830 material=9
    triangle: -1.000,0.578,-2.000 -1.000,0.187,-1.830 -1.196,0.187,-2.170 material=9
    triangle: 0.000,0.124,-1.815 0.214,0.124,-2.185 -0.214,0.124,-2.185 material=10
    triangle: 0.000,0.552,-2.000 -0.214,0.124,-2.185 0.214,0.124,-2.185 material=10
    triangle: 0.000,0.552,-2.000 0.214,0.124,-2.185 0.000,0.124,-1.815 material=10
    triangle: 0.000,0.552,-2.000 0.000,0.124,-1.815 -0.214,0.124,-2.185 material=10
    triangle: 1.000,0.151,-1.755 1.283,0.151,-2.245 0.717,0.151,-2.245 material=11
    triangle: 1.000,0.718,-2.000 0.717,0.151,-2.245 1.283,0.151,-2.245 material=11
    triangle: 1.000,0.718,-2.000 1.283,0.151,-2.245 1.000,0.151,-1.755 material=11
    triangle: 1.000,0.718,-2.000 1.000,0.151,-1.755 0.717,0.151,-2.245 material=11
    triangle: 2.000,0.223,-1.851 2.172,0.223,-2.149 1.828,0.223,-2.149 material=12
    triangle: 2.000,0.567,-2.000 1.828,0.223,-2.149 2.172,0.223,-2.149 material=12
    triangle: 2.000,0.567,-2.000 2.172,0.223,-2.149 2.000,0.223,-1.851 material=12
    triangle: 2.000,0.567,-2.000 2.000,0.223,-1.851 1.828,0.223,-2.149 material=12
    triangle: 3.000,0.286,-1.739 3.302,0.286,-2.261 2.698,0.286,-2.261 material=13
    triangle: 3.000,0.889,-2.000 2.698,0.286,-2.261 3.302,0.286,-2.261 material=13
    triangle: 3.000,0.889,-2.000 3.302,0.286,-2.261 3.000,0.286,-1.739 material=13
    triangle: 3.000,0.889,-2.000 3.000,0.286,-1.739 2.698,0.286,-2.261 material=13
    triangle: -3.000,0.118,-0.824 -2.797,0.118,-1.176 -3.203,0.118,-1.176 material=14
    triangle: -3.000,0.525,-1.000 -3.203,0.118,-1.176 -2.797,0.118,-1.176 material=14
    triangle: -3.000,0.525,-1.000 -2.797,0.118,-1.176 -3.000,0.118,-0.824 material=14
    triangle: -3.000,0.525,-1.000 -3.000,0.118,-0.824 -3.203,0.118,-1.176 material=14
    triangle: -2.000,0.205,-0.908 -1.893,0.205,-1.092 -2.107,0.205,-1.092 material=15
    triangle: -2.000,0.419,-1.000 -2.107,0.205,-1.092 -1.893,0.205,-1.092 material=15
    triangle: -2.000,0.419,-1.000 -1.893,0.205,-1.092 -2.000,0.205,-0.908 material=15
    triangle: -2.000,0.419,-1.000 -2.000,0.205,-0.908 -2.107,0.205,-1.092 material=15
    triangle: -1.000,0.017,-0.868 -0.848,0.017,-1.132 -1.152,0.017,-1.132 material=16
    triangle: -1.000,0.322,-1.000 -1.152,0.017,-1.132 -0.848,0.017,-1.132 material=16
    triangle: -1.000,0.322,-1.000 -0.848,0.017,-1.132 -1.000,0.017,-0.868 material=16
    triangle: -1.000,0.322,-1.000 -1.000,0.017,-0.868 -1.152,0.017,-1.132 material=16
    triangle: 0.000,0.153,-0.806 0.224,0.153,-1.194 -0.224,0.153,-1.194 material=17
    triangle: 0.000,0.601,-1.000 -0.224,0.153,-1.194 0.224,0.153,-1.194 material=17
    triangle: 0.000,0.601,-1.000 0.224,0.153,-1.194 0.000,0.153,-0.806 material=17
    triangle: 0.000,0.601,-1.000 0.000,0.153,-0.806 -0.224,0.153,-1.194 material=17
    triangle: 1.000,0.010,-0.847 1.177,0.010,-1.153 0.823,0.010,-1.153 material=18
    triangle: 1.000,0.365,-1.000 0.823,0.010,-1.153 1.177,0.010,-1.153 material=18
    triangle: 1.000,0.365,-1.000 1.177,0.010,-1.153 1.000,0.010,-0.847 material=18
    triangle: 1.000,0.365,-1.000 1.000,0.010,-0.847 0.823,0.010,-1.153 material=18
    triangle: 2.000,0.274,-0.785 2.248,0.274,-1.215 1.752,0.274,-1.215 material=19
    triangle: 2.000,0.771,-1.000 1.752,0.274,-1.215 2.248,0.274,-1.215 material=19
    triangle: 2.000,0.771,-1.000 2.248,0.274,-1.215 2.000,0.274,-0.785 material=19
    triangle: 2.000,0.771,-1.000 2.000,0.274,-0.785 1.752,0.274,-1.215 material=19
    triangle: 3.000,0.267,-0.903 3.112,0.267,-1.097 2.888,0.267,-1.097 material=20
    triangle: 3.000,0.492,-1.000 2.888,0.267,-1.097 3.112,0.267,-1.097 material=20
    triangle: 3.000,0.492,-1.000 3.112,0.267,-1.097 3.000,0.267,-0.903 material=20
    triangle: 3.000,0.492,-1.000 3.000,0.267,-0.903 2.888,0.267,-1.097 material=20
    triangle: -3.000,0.165,0.170 -2.804,0.165,-0.170 -3.196,0.165,-0.170 material=21
    triangle: -3.000,0.557,0.000 -3.196,0.165,-0.170 -2.804,0.165,-0.170 material=21
    triangle: -3.000,0.557,0.000 -2.804,0.165,-0.170 -3.000,0.165,0.170 material=21
    triangle: -3.000,0.557,0.000 -3.000,0.165,0.170 -3.196,0.165,-0.170 material=21
    triangle: -2.000,0.039,0.055 -1.936,0.039,-0.055 -2.064,0.039,-0.055 material=22
    triangle: -2.000,0.167,0.000 -2.064,0.039,-0.055 -1.936,0.039,-0.055 material=22
    triangle: -2.000,0.167,0.000 -1.936,0.039,-0.055 -2.000,0.039,0.055 material=22
    triangle: -2.000,0.167,0.000 -2.000,0.039,0.055 -2.064,0.039,-0.055 material=22
    triangle: -1.000,0.015,0.128 -0.852,0.015,-0.128 -1.148,0.015,-0.128 material=23
    triangle: -1.000,0.310,0.000 -1.148,0.015,-0.128 -0.852,0.015,-0.128 material=23
    triangle: -1.000,0.310,0.000 -0.852,0.015,-0.128 -1.000,0.015,0.128 material=23
    triangle: -1.000,0.310,0.000 -1.000,0.015,0.128 -1.148,0.015,-0.128 material=23
    triangle: 0.000,0.134,0.122 0.141,0.134,-0.122 -0.141,0.134,-0.122 material=24
    triangle: 0.000,0.415,0.000 -0.141,0.134,-0.122 0.141,0.134,-0.122 material=24
    triangle: 0.000,0.415,0.000 0.141,0.134,-0.122 0.000,0.134,0.122 material=24
    triangle: 0.000,0.415,0.000 0.000,0.134,0.122 -0.141,0.134,-0.122 material=24
    triangle: 1.000,0.261,0.053 1.061,0.261,-0.053 0.939,0.261,-0.053 material=25
    triangle: 1.000,0.384,0.000 0.939,0.261,-0.053 1.061,0.261,-0.053 material=25
    triangle: 1.000,0.384,0.000 1.061,0.261,-0.053 1.000,0.261,0.053 material=25
    triangle: 1.000,0.384,0.000 1.000,0.261,0.053 0.939,0.261,-0.053 material=25
    triangle: 2.000,0.299,0.195 2.225,0.299,-0.195 1.775,0.299,-0.195 material=26
    triangle: 2.000,0.748,0.000 1.775,0.299,-0.195 2.225,0.299,-0.195 material=26
    triangle: 2.000,0.748,0.000 2.225,0.299,-0.195 2.000,0.299,0.195 material=26
    triangle: 2.000,0.748,0.000 2.000,0.299,0.195 1.775,0.299,-0.195 material=26
    triangle: 3.000,0.061,0.239 3.276,0.061,-0.239 2.724,0.061,-0.239 material=27
    triangle: 3.000,0.613,0.000 2.724,0.061,-0.239 3.276,0.061,-0.239 material=27
    triangle: 3.000,0.613,0.000 3.276,0.061,-0.239 3.000,0.061,0.239 material=27
    triangle: 3.000,0.613,0.000 3.000,0.061,0.239 2.724,0.061,-0.239 material=27
    triangle: -3.000,0.002,1.289 -2.666,0.002,0.711 -3.334,0.002,0.711 material=28
    triangle: -3.000,0.669,1.000 -3.334,0.002,0.711 -2.666,0.002,0.711 material=28
    triangle: -3.000,0.669,1.000 -2.666,0.002,0.711 -3.000,0.002,1.289 material=28
    triangle: -3.000,0.669,1.000 -3.000,0.002,1.289 -3.334,0.002,0.711 material=28
    triangle: -2.000,0.217,1.093 -1.893,0.217,0.907 -2.107,0.217,0.907 material=29
    triangle: -2.000,0.432,1.000 -2.107,0.217,0.907 -1.893,0.217,0.907 material=29
    triangle: -2.000,0.432,1.000 -1.893,0.217,0.907 -2.000,0.217,1.093 material=29
    triangle: -2.000,0.432,1.000 -2.000,0.217,1.093 -2.107,0.217,0.907 material=29
    triangle: -1.000,0.032,1.260 -0.699,0.032,0.740 -1.301,0.032,0.740 material=30
    triangle: -1.000,0.634,1.000 -1.301,0.032,0.740 -0.699,0.032,0.740 material=30
    triangle: -1.000,0.634,1.000 -0.699,0.032,0.740 -1.000,0.032,1.260 material=30
    triangle: -1.000,0.634,1.000 -1.000,0.032,1.260 -1.301,0.032,0.740 material=30
    triangle: 0.000,0.291,1.149 0.172,0.291,0.851 -0.172,0.291,0.851 material=31
    triangle: 0.000,0.636,1.000 -0.172,0.291,0.851 0.172,0.291,0.851 material=31
    triangle: 0.000,0.636,1.000 0.172,0.291,0.851 0.000,0.291,1.149 material=31
    triangle: 0.000,0.636,1.000 0.000,0.291,1.149 -0.172,0.291,0.851 material=31
    triangle: 1.000,0.020,1.195 1.225,0.020,0.805 0.775,0.020,0.805 material=32
    triangle: 1.000,0.471,1.000 0.775,0.020,0.805 1.225,0.020,0.805 material=32
    triangle: 1.000,0.471,1.000 1.225,0.020,0.805 1.000,0.020,1.195 material=32
    triangle: 1.000,0.471,1.000 1.000,0.020,1.195 0.775,0.020,0.805 material=32
    triangle: 2.000,0.281,1.222 2.256,0.281,0.778 1.744,0.281,0.778 material=33
    triangle: 2.000,0.793,1.000 1.744,0.281,0.778 2.256,0.281,0.778 material=33
    triangle: 2.000,0.793,1.000 2.256,0.281,0.778 2.000,0.281,1.222 material=33
    triangle: 2.000,0.793,1.000 2.000,0.281,1.222 1.744,0.281,0.778 material=33
    triangle: 3.000,0.070,1.159 3.184,0.070,0.841 2.816,0.070,0.841 material=34
    triangle: 3.000,0.438,1.000 2.816,0.070,0.841 3.184,0.070,0.841 material=34
    triangle: 3.000,0.438,1.000 3.184,0.070,0.841 3.000,0.070,1.159 material=34
    triangle: 3.000,0.438,1.000 3.000,0.070,1.159 2.816,0.070,0.841 material=34
    triangle: -3.000,0.064,2.085 -2.902,0.064,1.915 -3.098,0.064,1.915 material=35
    triangle: -3.000,0.260,2.000 -3.098,0.064,1.915 -2.902,0.064,1.915 material=35
    triangle: -3.000,0.260,2.000 -2.902,0.064,1.915 -3.000,0.064,2.085 material=35
    triangle: -3.000,0.260,2.000 -3.000,0.064,2.085 -3.098,0.064,1.915 material=35
    triangle: -2.000,0.068,2.094 -1.891,0.068,1.906 -2.109,0.068,1.906 material=36
    triangle: -2.000,0.286,2.000 -2.109,0.068,1.906 -1.891,0.068,1.906 material=36
    triangle: -2.000,0.286,2.000 -1.891,0.068,1.906 -2.000,0.068,2.094 material=36
    triangle: -2.000,0.286,2.000 -2.000,0.068,2.094 -2.109,0.068,1.906 material=36
    triangle: -1.000,0.283,2.283 -0.673,0.283,1.717 -1.327,0.283,1.717 material=37
    triangle: -1.000,0.937,2.000 -1.327,0.283,1.717 -0.673,0.283,1.717 material=37
    triangle: -1.000,0.937,2.000 -0.673,0.283,1.717 -1.000,0.283,2.283 material=37
    triangle: -1.000,0.937,2.000 -1.000,0.283,2.283 -1.327,0.283,1.717 material=37
    triangle: 0.000,0.225,2.256 0.296,0.225,1.744 -0.296,0.225,1.744 material=38
    triangle: 0.000,0.817,2.000 -0.296,0.225,1.744 0.296,0.225,1.744 material=38
    triangle: 0.000,0.817,2.000 0.296,0.225,1.744 0.000,0.225,2.256 material=38
    triangle: 0.000,0.817,2.000 0.000,0.225,2.256 -0.296,0.225,1.744 material=38
    triangle: 1.000,0.246,2.301 1.348,0.246,1.699 0.652,0.246,1.699 material=39
    triangle: 1.000,0.942,2.000 0.652,0.246,1.699 1.348,0.246,1.699 material=39
    triangle: 1.000,0.942,2.000 1.348,0.246,1.699 1.000,0.246,2.301 material=39
    triangle: 1.000,0.942,2.000 1.000,0.246,2.301 0.652,0.246,1.699 material=39
    triangle: 2.000,0.202,2.267 2.309,0.202,1.733 1.691,0.202,1.733 material=40
    triangle: 2.000,0.819,2.000 1.691,0.202,1.733 2.309,0.202,1.733 material=40
    triangle: 2.000,0.819,2.000 2.309,0.202,1.733 2.000,0.202,2.267 material=40
    triangle: 2.000,0.819,2.000 2.000,0.202,2.267 1.691,0.202,1.733 material=40
    triangle: 3.000,0.011,2.105 3.121,0.011,1.895 2.879,0.011,1.895 material=41
    triangle: 3.000,0.253,2.000 2.879,0.011,1.895 3.121,0.011,1.895 material=41
    triangle: 3.000,0.253,2.000 3.121,0.011,1.895 3.000,0.011,2.105 material=41
    triangle: 3.000,0.253,2.000 3.000,0.011,2.105 2.879,0.011,1.895 material=41
    triangle: -3.000,0.270,3.209 -2.758,0.270,2.791 -3.242,0.270,2.791 material=42
    triangle: -3.000,0.753,3.000 -3.242,0.270,2.791 -2.758,0.270,2.791 material=42
    triangle: -3.000,0.753,3.000 -2.758,0.270,2.791 -3.000,0.270,3.209 material=42
    triangle: -3.000,0.753,3.000 -3.000,0.270,3.209 -3.242,0.270,2.791 material=42
    triangle: -2.000,0.161,3.291 -1.664,0.161,2.709 -2.336,0.161,2.709 material=43
    triangle: -2.000,0.834,3.000 -2.336,0.161,2.709 -1.664,0.161,2.709 material=43
    triangle: -2.000,0.834,3.000 -1.664,0.161,2.709 -2.000,0.161,3.291 material=43
    triangle: -2.000,0.834,3.000 -2.000,0.161,3.291 -2.336,0.161,2.709 material=43
    triangle: -1.000,0.048,3.205 -0.763,0.048,2.795 -1.237,0.048,2.795 material=44
    triangle: -1.000,0.521,3.000 -1.237,0.048,2.795 -0.763,0.048,2.795 material=44
    triangle: -1.000,0.521,3.000 -0.763,0.048,2.795 -1.000,0.048,3.205 material=44
    triangle: -1.000,0.521,3.000 -1.000,0.048,3.205 -1.237,0.048,2.795 material=44
    triangle: 0.000,0.184,3.246 0.284,0.184,2.754 -0.284,0.184,2.754 material=45
    triangle: 0.000,0.751,3.000 -0.284,0.184,2.754 0.284,0.184,2.754 material=45
    triangle: 0.000,0.751,3.000 0.284,0.184,2.754 0.000,0.184,3.246 material=45
    triangle: 0.000,0.751,3.000 0.000,0.184,3.246 -0.284,0.184,2.754 material=45
    triangle: 1.000,0.283,3.227 1.262,0.283,2.773 0.738,0.283,2.773 material=46
    triangle: 1.000,0.807,3.000 0.738,0.283,2.773 1.262,0.283,2.773 material=46
    triangle: 1.000,0.807,3.000 1.262,0.283,2.773 1.000,0.283,3.227 material=46
    triangle: 1.000,0.807,3.000 1.000,0.283,3.227 0.738,0.283,2.773 material=46
    triangle: 2.000,0.100,3.202 2.233,0.100,2.798 1.767,0.100,2.798 material=47
    triangle: 2.000,0.566,3.000 1.767,0.100,2.798 2.233,0.100,2.798 material=47
    triangle: 2.000,0.566,3.000 2.233,0.100,2.798 2.000,0.100,3.202 material=47
    triangle: 2.000,0.566,3.000 2.000,0.100,3.202 1.767,0.100,2.798 material=47
    triangle: 3.000,0.285,3.293 3.338,0.285,2.707 2.662,0.285,2.707 material=48
    triangle: 3.000,0.962,3.000 2.662,0.285,2.707 3.338,0.285,2.707 material=48
    triangle: 3.000,0.962,3.000 3.338,0.285,2.707 3.000,0.285,3.293 material=48
    triangle: 3.000,0.962,3.000 3.000,0.285,3.293 2.662,0.285,2.707 material=48
    plane: origin=0.000,4.000,0.000 normal=0.000,-1.000,0.000 material=49
    plane: material=50
